
5.0000    3
5.0200    6
5.0400    7
5.0600    5
5.0800    3
5.1000    2
5.1200    5
5.1400    5
5.1600    3
5.1800    2
5.2000    6
5.2200    1
5.2400    3
5.2600    8
5.2800    6
5.3000    6
5.3200    7
5.3400    5
5.3600    2
5.3800    4
5.4000    5
5.4200    3
5.4400    5
5.4600    4
5.4800    1
5.5000    4
5.5200    5
5.5400    5
5.5600    3
5.5800    4
5.6000    3
5.6200    4
5.6400    2
5.6600    8
5.6800    4
5.7000    6
5.7200    5
5.7400    2
5.7600    7
5.7800    8
5.8000    4
5.8200    3
5.8400    7
5.8600    4
5.8800    3
5.9000    5
5.9200    3
5.9400    6
5.9600    6
5.9800    5
6.0000    7
6.0200    3
6.0400    6
6.0600    2
6.0800    7
6.1000    3
6.1200    10
6.1400    6
6.1600    6
6.1800    2
6.2000    4
6.2200    7
6.2400    6
6.2600    2
6.2800    4
6.3000    2
6.3200    5
6.3400    5
6.3600    2
6.3800    2
6.4000    3
6.4200    5
6.4400    9
6.4600    5
6.4800    3
6.5000    2
6.5200    4
6.5400    6
6.5600    3
6.5800    3
6.6000    3
6.6200    0
6.6400    6
6.6600    1
6.6800    6
6.7000    4
6.7200    3
6.7400    4
6.7600    3
6.7800    4
6.8000    2
6.8200    2
6.8400    5
6.8600    9
6.8800    5
6.9000    0
6.9200    4
6.9400    5
6.9600    5
6.9800    2
7.0000    6
7.0200    2
7.0400    3
7.0600    1
7.0800    7
7.1000    3
7.1200    4
7.1400    5
7.1600    4
7.1800    4
7.2000    1
7.2200    2
7.2400    6
7.2600    6
7.2800    3
7.3000    5
7.3200    3
7.3400    3
7.3600    3
7.3800    2
7.4000    2
7.4200    6
7.4400    1
7.4600    3
7.4800    1
7.5000    3
7.5200    1
7.5400    4
7.5600    3
7.5800    4
7.6000    0
7.6200    3
7.6400    6
7.6600    4
7.6800    5
7.7000    2
7.7200    0
7.7400    1
7.7600    2
7.7800    5
7.8000    2
7.8200    4
7.8400    3
7.8600    2
7.8800    7
7.9000    6
7.9200    5
7.9400    3
7.9600    5
7.9800    7
8.0000    5
8.0200    1
8.0400    3
8.0600    5
8.0800    2
8.1000    4
8.1200    3
8.1400    3
8.1600    5
8.1800    2
8.2000    4
8.2200    3
8.2400    5
8.2600    3
8.2800    6
8.3000    2
8.3200    3
8.3400    5
8.3600    4
8.3800    3
8.4000    2
8.4200    5
8.4400    4
8.4600    4
8.4800    1
8.5000    6
8.5200    2
8.5400    4
8.5600    5
8.5800    3
8.6000    1
8.6200    4
8.6400    2
8.6600    2
8.6800    2
8.7000    6
8.7200    3
8.7400    2
8.7600    2
8.7800    6
8.8000    3
8.8200    2
8.8400    3
8.8600    4
8.8800    7
8.9000    4
8.9200    6
8.9400    3
8.9600    9
8.9800    1
9.0000    5
9.0200    3
9.0400    6
9.0600    2
9.0800    4
9.1000    4
9.1200    3
9.1400    4
9.1600    5
9.1800    5
9.2000    2
9.2200    6
9.2400    3
9.2600    2
9.2800    1
9.3000    5
9.3200    2
9.3400    3
9.3600    0
9.3800    4
9.4000    4
9.4200    4
9.4400    2
9.4600    2
9.4800    5
9.5000    5
9.5200    1
9.5400    4
9.5600    3
9.5800    0
9.6000    1
9.6200    6
9.6400    2
9.6600    2
9.6800    3
9.7000    3
9.7200    10
9.7400    5
9.7600    2
9.7800    2
9.8000    1
9.8200    2
9.8400    4
9.8600    2
9.8800    2
9.9000    2
9.9200    2
9.9400    1
9.9600    2
9.9800    8
10.0000   1
10.0200   0
10.0400   2
10.0600   8
10.0800   3
10.1000   5
10.1200   5
10.1400   0
10.1600   3
10.1800   2
10.2000   5
10.2200   3
10.2400   7
10.2600   3
10.2800   6
10.3000   3
10.3200   5
10.3400   4
10.3600   4
10.3800   6
10.4000   4
10.4200   3
10.4400   2
10.4600   3
10.4800   7
10.5000   1
10.5200   2
10.5400   2
10.5600   3
10.5800   3
10.6000   5
10.6200   5
10.6400   8
10.6600   6
10.6800   1
10.7000   2
10.7200   2
10.7400   4
10.7600   5
10.7800   1
10.8000   2
10.8200   1
10.8400   4
10.8600   4
10.8800   7
10.9000   2
10.9200   5
10.9400   7
10.9600   2
10.9800   5
11.0000   2
11.0200   7
11.0400   5
11.0600   8
11.0800   3
11.1000   5
11.1200   2
11.1400   3
11.1600   6
11.1800   4
11.2000   8
11.2200   5
11.2400   8
11.2600   0
11.2800   1
11.3000   6
11.3200   6
11.3400   6
11.3600   4
11.3800   2
11.4000   4
11.4200   4
11.4400   3
11.4600   1
11.4800   1
11.5000   5
11.5200   6
11.5400   2
11.5600   4
11.5800   1
11.6000   2
11.6200   5
11.6400   6
11.6600   5
11.6800   3
11.7000   4
11.7200   3
11.7400   4
11.7600   5
11.7800   2
11.8000   3
11.8200   2
11.8400   5
11.8600   2
11.8800   2
11.9000   2
11.9200   5
11.9400   4
11.9600   5
11.9800   6
12.0000   6
12.0200   4
12.0400   5
12.0600   5
12.0800   6
12.1000   6
12.1200   5
12.1400   6
12.1600   4
12.1800   3
12.2000   4
12.2200   8
12.2400   2
12.2600   5
12.2800   3
12.3000   5
12.3200   2
12.3400   2
12.3600   4
12.3800   5
12.4000   3
12.4200   2
12.4400   5
12.4600   2
12.4800   8
12.5000   5
12.5200   5
12.5400   3
12.5600   3
12.5800   1
12.6000   3
12.6200   1
12.6400   5
12.6600   1
12.6800   2
12.7000   4
12.7200   3
12.7400   5
12.7600   3
12.7800   6
12.8000   2
12.8200   1
12.8400   6
12.8600   2
12.8800   3
12.9000   3
12.9200   0
12.9400   1
12.9600   3
12.9800   5
13.0000   6
13.0200   3
13.0400   4
13.0600   4
13.0800   2
13.1000   7
13.1200   4
13.1400   0
13.1600   6
13.1800   6
13.2000   5
13.2200   2
13.2400   2
13.2600   3
13.2800   2
13.3000   3
13.3200   3
13.3400   3
13.3600   7
13.3800   3
13.4000   2
13.4200   2
13.4400   4
13.4600   1
13.4800   5
13.5000   3
13.5200   8
13.5400   2
13.5600   8
13.5800   6
13.6000   2
13.6200   1
13.6400   3
13.6600   3
13.6800   5
13.7000   4
13.7200   2
13.7400   0
13.7600   2
13.7800   6
13.8000   2
13.8200   2
13.8400   3
13.8600   5
13.8800   2
13.9000   5
13.9200   4
13.9400   3
13.9600   3
13.9800   2
14.0000   1
14.0200   5
14.0400   4
14.0600   5
14.0800   5
14.1000   2
14.1200   2
14.1400   6
14.1600   2
14.1800   4
14.2000   5
14.2200   6
14.2400   3
14.2600   6
14.2800   3
14.3000   2
14.3200   2
14.3400   1
14.3600   5
14.3800   6
14.4000   5
14.4200   4
14.4400   2
14.4600   6
14.4800   4
14.5000   5
14.5200   3
14.5400   5
14.5600   1
14.5800   5
14.6000   5
14.6200   1
14.6400   5
14.6600   2
14.6800   3
14.7000   5
14.7200   2
14.7400   6
14.7600   2
14.7800   4
14.8000   5
14.8200   3
14.8400   5
14.8600   4
14.8800   4
14.9000   1
14.9200   3
14.9400   3
14.9600   2
14.9800   6
15.0000   3
15.0200   3
15.0400   6
15.0600   5
15.0800   3
15.1000   4
15.1200   6
15.1400   5
15.1600   2
15.1800   0
15.2000   3
15.2200   4
15.2400   5
15.2600   4
15.2800   3
15.3000   1
15.3200   6
15.3400   4
15.3600   3
15.3800   2
15.4000   4
15.4200   5
15.4400   3
15.4600   2
15.4800   4
15.5000   0
15.5200   2
15.5400   2
15.5600   4
15.5800   2
15.6000   2
15.6200   5
15.6400   1
15.6600   3
15.6800   3
15.7000   2
15.7200   1
15.7400   7
15.7600   5
15.7800   2
15.8000   1
15.8200   3
15.8400   3
15.8600   3
15.8800   4
15.9000   6
15.9200   2
15.9400   4
15.9600   2
15.9800   3
16.0000   0
16.0200   8
16.0400   6
16.0600   2
16.0800   1
16.1000   4
16.1200   6
16.1400   5
16.1600   5
16.1800   6
16.2000   4
16.2200   6
16.2400   2
16.2600   4
16.2800   2
16.3000   2
16.3200   1
16.3400   3
16.3600   3
16.3800   4
16.4000   3
16.4200   1
16.4400   2
16.4600   1
16.4800   6
16.5000   1
16.5200   2
16.5400   6
16.5600   2
16.5800   4
16.6000   6
16.6200   4
16.6400   1
16.6600   4
16.6800   5
16.7000   5
16.7200   1
16.7400   2
16.7600   2
16.7800   5
16.8000   1
16.8200   2
16.8400   3
16.8600   4
16.8800   1
16.9000   5
16.9200   6
16.9400   2
16.9600   3
16.9800   4
17.0000   2
17.0200   1
17.0400   4
17.0600   3
17.0800   3
17.1000   3
17.1200   3
17.1400   4
17.1600   4
17.1800   2
17.2000   1
17.2200   2
17.2400   2
17.2600   8
17.2800   5
17.3000   2
17.3200   5
17.3400   0
17.3600   4
17.3800   2
17.4000   0
17.4200   1
17.4400   1
17.4600   4
17.4800   2
17.5000   5
17.5200   3
17.5400   1
17.5600   1
17.5800   2
17.6000   2
17.6200   5
17.6400   4
17.6600   2
17.6800   3
17.7000   3
17.7200   1
17.7400   3
17.7600   3
17.7800   1
17.8000   2
17.8200   1
17.8400   5
17.8600   2
17.8800   5
17.9000   2
17.9200   4
17.9400   3
17.9600   0
17.9800   5
18.0000   5
18.0200   2
18.0400   2
18.0600   3
18.0800   4
18.1000   2
18.1200   1
18.1400   4
18.1600   0
18.1800   3
18.2000   2
18.2200   2
18.2400   2
18.2600   3
18.2800   4
18.3000   4
18.3200   0
18.3400   6
18.3600   6
18.3800   2
18.4000   3
18.4200   3
18.4400   3
18.4600   2
18.4800   2
18.5000   2
18.5200   3
18.5400   1
18.5600   4
18.5800   2
18.6000   1
18.6200   3
18.6400   1
18.6600   2
18.6800   1
18.7000   4
18.7200   0
18.7400   1
18.7600   3
18.7800   2
18.8000   4
18.8200   3
18.8400   2
18.8600   4
18.8800   1
18.9000   4
18.9200   3
18.9400   1
18.9600   1
18.9800   4
19.0000   2
19.0200   1
19.0400   4
19.0600   2
19.0800   2
19.1000   3
19.1200   2
19.1400   2
19.1600   5
19.1800   1
19.2000   0
19.2200   2
19.2400   1
19.2600   2
19.2800   5
19.3000   2
19.3200   3
19.3400   1
19.3600   3
19.3800   0
19.4000   4
19.4200   4
19.4400   6
19.4600   1
19.4800   2
19.5000   2
19.5200   1
19.5400   2
19.5600   1
19.5800   3
19.6000   3
19.6200   5
19.6400   5
19.6600   5
19.6800   3
19.7000   1
19.7200   3
19.7400   1
19.7600   3
19.7800   3
19.8000   2
19.8200   1
19.8400   4
19.8600   0
19.8800   1
19.9000   3
19.9200   4
19.9400   1
19.9600   4
19.9800   3
20.0000   3
20.0200   1
20.0400   0
20.0600   1
20.0800   1
20.1000   3
20.1200   3
20.1400   1
20.1600   0
20.1800   0
20.2000   2
20.2200   0
20.2400   2
20.2600   4
20.2800   0
20.3000   2
20.3200   4
20.3400   2
20.3600   3
20.3800   2
20.4000   1
20.4200   2
20.4400   6
20.4600   2
20.4800   4
20.5000   2
20.5200   4
20.5400   3
20.5600   5
20.5800   4
20.6000   3
20.6200   1
20.6400   5
20.6600   0
20.6800   0
20.7000   2
20.7200   1
20.7400   1
20.7600   4
20.7800   1
20.8000   2
20.8200   2
20.8400   2
20.8600   3
20.8800   3
20.9000   4
20.9200   2
20.9400   3
20.9600   0
20.9800   3
21.0000   2
21.0200   2
21.0400   1
21.0600   3
21.0800   3
21.1000   0
21.1200   2
21.1400   4
21.1600   4
21.1800   1
21.2000   2
21.2200   2
21.2400   1
21.2600   1
21.2800   1
21.3000   4
21.3200   3
21.3400   1
21.3600   3
21.3800   2
21.4000   2
21.4200   3
21.4400   1
21.4600   1
21.4800   2
21.5000   4
21.5200   4
21.5400   2
21.5600   4
21.5800   5
21.6000   6
21.6200   3
21.6400   5
21.6600   3
21.6800   5
21.7000   4
21.7200   1
21.7400   3
21.7600   3
21.7800   5
21.8000   2
21.8200   1
21.8400   4
21.8600   2
21.8800   1
21.9000   1
21.9200   2
21.9400   3
21.9600   4
21.9800   0
22.0000   3
22.0200   3
22.0400   1
22.0600   1
22.0800   2
22.1000   0
22.1200   3
22.1400   5
22.1600   0
22.1800   0
22.2000   1
22.2200   5
22.2400   3
22.2600   1
22.2800   2
22.3000   2
22.3200   4
22.3400   4
22.3600   3
22.3800   6
22.4000   1
22.4200   4
22.4400   3
22.4600   3
22.4800   2
22.5000   5
22.5200   1
22.5400   1
22.5600   2
22.5800   1
22.6000   1
22.6200   4
22.6400   3
22.6600   1
22.6800   1
22.7000   2
22.7200   2
22.7400   2
22.7600   5
22.7800   4
22.8000   3
22.8200   2
22.8400   1
22.8600   1
22.8800   2
22.9000   3
22.9200   3
22.9400   4
22.9600   2
22.9800   0
23.0000   3
23.0200   4
23.0400   1
23.0600   3
23.0800   0
23.1000   5
23.1200   2
23.1400   2
23.1600   2
23.1800   6
23.2000   3
23.2200   3
23.2400   3
23.2600   5
23.2800   2
23.3000   1
23.3200   2
23.3400   1
23.3600   0
23.3800   2
23.4000   3
23.4200   1
23.4400   1
23.4600   2
23.4800   1
23.5000   1
23.5200   3
23.5400   0
23.5600   4
23.5800   2
23.6000   1
23.6200   2
23.6400   2
23.6600   1
23.6800   3
23.7000   2
23.7200   2
23.7400   3
23.7600   1
23.7800   4
23.8000   7
23.8200   3
23.8400   3
23.8600   1
23.8800   2
23.9000   6
23.9200   2
23.9400   2
23.9600   1
23.9800   0
24.0000   5
24.0200   1
24.0400   6
24.0600   1
24.0800   2
24.1000   0
24.1200   5
24.1400   1
24.1600   2
24.1800   2
24.2000   3
24.2200   2
24.2400   2
24.2600   1
24.2800   5
24.3000   5
24.3200   1
24.3400   2
24.3600   3
24.3800   5
24.4000   0
24.4200   5
24.4400   3
24.4600   2
24.4800   6
24.5000   5
24.5200   2
24.5400   2
24.5600   4
24.5800   2
24.6000   4
24.6200   5
24.6400   1
24.6600   4
24.6800   0
24.7000   1
24.7200   3
24.7400   3
24.7600   3
24.7800   0
24.8000   4
24.8200   1
24.8400   3
24.8600   2
24.8800   6
24.9000   1
24.9200   4
24.9400   1
24.9600   3
24.9800   4
25.0000   3
25.0200   1
25.0400   3
25.0600   4
25.0800   2
25.1000   1
25.1200   1
25.1400   0
25.1600   3
25.1800   3
25.2000   1
25.2200   3
25.2400   4
25.2600   1
25.2800   4
25.3000   1
25.3200   1
25.3400   1
25.3600   4
25.3800   2
25.4000   3
25.4200   4
25.4400   0
25.4600   3
25.4800   3
25.5000   3
25.5200   3
25.5400   1
25.5600   5
25.5800   2
25.6000   7
25.6200   2
25.6400   3
25.6600   6
25.6800   4
25.7000   2
25.7200   1
25.7400   5
25.7600   4
25.7800   2
25.8000   2
25.8200   2
25.8400   0
25.8600   6
25.8800   4
25.9000   2
25.9200   4
25.9400   4
25.9600   4
25.9800   4
26.0000   1
26.0200   1
26.0400   3
26.0600   1
26.0800   5
26.1000   1
26.1200   2
26.1400   1
26.1600   1
26.1800   3
26.2000   4
26.2200   10
26.2400   0
26.2600   1
26.2800   3
26.3000   3
26.3200   5
26.3400   1
26.3600   4
26.3800   3
26.4000   4
26.4200   1
26.4400   2
26.4600   1
26.4800   1
26.5000   1
26.5200   2
26.5400   3
26.5600   1
26.5800   1
26.6000   5
26.6200   0
26.6400   2
26.6600   1
26.6800   2
26.7000   2
26.7200   1
26.7400   1
26.7600   2
26.7800   0
26.8000   4
26.8200   1
26.8400   3
26.8600   2
26.8800   2
26.9000   2
26.9200   2
26.9400   3
26.9600   3
26.9800   0
27.0000   8
27.0200   3
27.0400   2
27.0600   1
27.0800   2
27.1000   4
27.1200   2
27.1400   8
27.1600   4
27.1800   1
27.2000   1
27.2200   2
27.2400   4
27.2600   6
27.2800   3
27.3000   2
27.3200   3
27.3400   1
27.3600   2
27.3800   3
27.4000   6
27.4200   7
27.4400   0
27.4600   2
27.4800   5
27.5000   2
27.5200   4
27.5400   2
27.5600   2
27.5800   3
27.6000   5
27.6200   2
27.6400   1
27.6600   1
27.6800   2
27.7000   3
27.7200   4
27.7400   6
27.7600   2
27.7800   0
27.8000   2
27.8200   1
27.8400   2
27.8600   3
27.8800   3
27.9000   2
27.9200   4
27.9400   2
27.9600   5
27.9800   1
28.0000   2
28.0200   5
28.0400   2
28.0600   1
28.0800   7
28.1000   3
28.1200   2
28.1400   1
28.1600   3
28.1800   4
28.2000   1
28.2200   3
28.2400   4
28.2600   5
28.2800   4
28.3000   4
28.3200   4
28.3400   2
28.3600   3
28.3800   5
28.4000   3
28.4200   2
28.4400   3
28.4600   4
28.4800   1
28.5000   2
28.5200   4
28.5400   1
28.5600   1
28.5800   2
28.6000   3
28.6200   3
28.6400   3
28.6600   4
28.6800   0
28.7000   2
28.7200   2
28.7400   3
28.7600   3
28.7800   3
28.8000   0
28.8200   5
28.8400   4
28.8600   4
28.8800   0
28.9000   2
28.9200   2
28.9400   6
28.9600   2
28.9800   4
29.0000   2
29.0200   3
29.0400   1
29.0600   5
29.0800   1
29.1000   5
29.1200   3
29.1400   3
29.1600   5
29.1800   3
29.2000   6
29.2200   5
29.2400   2
29.2600   1
29.2800   3
29.3000   0
29.3200   4
29.3400   1
29.3600   1
29.3800   2
29.4000   3
29.4200   4
29.4400   6
29.4600   3
29.4800   6
29.5000   3
29.5200   5
29.5400   7
29.5600   0
29.5800   3
29.6000   1
29.6200   2
29.6400   6
29.6600   3
29.6800   4
29.7000   5
29.7200   2
29.7400   2
29.7600   4
29.7800   6
29.8000   6
29.8200   2
29.8400   4
29.8600   5
29.8800   5
29.9000   7
29.9200   2
29.9400   1
29.9600   3
29.9800   2
30.0000   4
30.0200   2
30.0400   1
30.0600   2
30.0800   5
30.1000   3
30.1200   1
30.1400   1
30.1600   3
30.1800   3
30.2000   4
30.2200   4
30.2400   1
30.2600   2
30.2800   4
30.3000   2
30.3200   5
30.3400   2
30.3600   4
30.3800   0
30.4000   3
30.4200   2
30.4400   1
30.4600   3
30.4800   4
30.5000   6
30.5200   3
30.5400   2
30.5600   6
30.5800   3
30.6000   0
30.6200   6
30.6400   2
30.6600   2
30.6800   1
30.7000   5
30.7200   5
30.7400   3
30.7600   5
30.7800   6
30.8000   3
30.8200   2
30.8400   2
30.8600   5
30.8800   2
30.9000   2
30.9200   1
30.9400   5
30.9600   2
30.9800   3
31.0000   1
31.0200   0
31.0400   3
31.0600   3
31.0800   2
31.1000   2
31.1200   2
31.1400   5
31.1600   4
31.1800   1
31.2000   1
31.2200   4
31.2400   4
31.2600   3
31.2800   5
31.3000   3
31.3200   1
31.3400   1
31.3600   3
31.3800   4
31.4000   1
31.4200   3
31.4400   1
31.4600   6
31.4800   3
31.5000   2
31.5200   3
31.5400   1
31.5600   5
31.5800   2
31.6000   5
31.6200   2
31.6400   3
31.6600   2
31.6800   0
31.7000   3
31.7200   2
31.7400   3
31.7600   3
31.7800   4
31.8000   3
31.8200   0
31.8400   0
31.8600   2
31.8800   2
31.9000   2
31.9200   2
31.9400   2
31.9600   1
31.9800   3
32.0000   4
32.0200   0
32.0400   10
32.0600   4
32.0800   1
32.1000   4
32.1200   1
32.1400   0
32.1600   2
32.1800   1
32.2000   7
32.2200   5
32.2400   7
32.2600   2
32.2800   3
32.3000   2
32.3200   1
32.3400   2
32.3600   2
32.3800   0
32.4000   0
32.4200   1
32.4400   2
32.4600   5
32.4800   1
32.5000   4
32.5200   3
32.5400   2
32.5600   2
32.5800   11
32.6000   2
32.6200   1
32.6400   3
32.6600   4
32.6800   1
32.7000   2
32.7200   3
32.7400   1
32.7600   3
32.7800   3
32.8000   4
32.8200   4
32.8400   4
32.8600   5
32.8800   2
32.9000   1
32.9200   2
32.9400   3
32.9600   1
32.9800   2
33.0000   5
33.0200   6
33.0400   2
33.0600   2
33.0800   2
33.1000   6
33.1200   5
33.1400   4
33.1600   1
33.1800   2
33.2000   5
33.2200   3
33.2400   2
33.2600   4
33.2800   4
33.3000   3
33.3200   4
33.3400   3
33.3600   1
33.3800   4
33.4000   1
33.4200   4
33.4400   3
33.4600   3
33.4800   6
33.5000   5
33.5200   6
33.5400   4
33.5600   6
33.5800   6
33.6000   1
33.6200   8
33.6400   2
33.6600   5
33.6800   6
33.7000   10
33.7200   5
33.7400   3
33.7600   2
33.7800   2
33.8000   6
33.8200   4
33.8400   3
33.8600   1
33.8800   4
33.9000   4
33.9200   4
33.9400   2
33.9600   1
33.9800   6
34.0000   2
34.0200   6
34.0400   0
34.0600   3
34.0800   2
34.1000   2
34.1200   3
34.1400   5
34.1600   2
34.1800   3
34.2000   0
34.2200   4
34.2400   2
34.2600   4
34.2800   2
34.3000   4
34.3200   5
34.3400   4
34.3600   2
34.3800   1
34.4000   4
34.4200   3
34.4400   0
34.4600   2
34.4800   2
34.5000   0
34.5200   5
34.5400   3
34.5600   3
34.5800   6
34.6000   2
34.6200   2
34.6400   4
34.6600   7
34.6800   4
34.7000   4
34.7200   2
34.7400   3
34.7600   2
34.7800   3
34.8000   1
34.8200   1
34.8400   3
34.8600   1
34.8800   2
34.9000   4
34.9200   2
34.9400   2
34.9600   4
34.9800   1
35.0000   4
35.0200   3
35.0400   4
35.0600   1
35.0800   3
35.1000   1
35.1200   2
35.1400   1
35.1600   3
35.1800   2
35.2000   3
35.2200   4
35.2400   3
35.2600   4
35.2800   1
35.3000   2
35.3200   2
35.3400   0
35.3600   2
35.3800   8
35.4000   3
35.4200   1
35.4400   7
35.4600   0
35.4800   3
35.5000   2
35.5200   2
35.5400   2
35.5600   3
35.5800   1
35.6000   3
35.6200   1
35.6400   2
35.6600   3
35.6800   0
35.7000   7
35.7200   1
35.7400   4
35.7600   11
35.7800   4
35.8000   3
35.8200   5
35.8400   5
35.8600   2
35.8800   5
35.9000   3
35.9200   6
35.9400   7
35.9600   6
35.9800   3
36.0000   7
36.0200   9
36.0400   4
36.0600   4
36.0800   3
36.1000   2
36.1200   4
36.1400   2
36.1600   1
36.1800   8
36.2000   8
36.2200   5
36.2400   6
36.2600   5
36.2800   3
36.3000   5
36.3200   1
36.3400   4
36.3600   6
36.3800   3
36.4000   5
36.4200   4
36.4400   6
36.4600   5
36.4800   8
36.5000   2
36.5200   2
36.5400   1
36.5600   0
36.5800   1
36.6000   4
36.6200   4
36.6400   4
36.6600   8
36.6800   4
36.7000   1
36.7200   2
36.7400   3
36.7600   3
36.7800   2
36.8000   3
36.8200   2
36.8400   3
36.8600   0
36.8800   2
36.9000   3
36.9200   4
36.9400   3
36.9600   6
36.9800   1
37.0000   1
37.0200   1
37.0400   0
37.0600   5
37.0800   0
37.1000   1
37.1200   2
37.1400   4
37.1600   2
37.1800   4
37.2000   1
37.2200   4
37.2400   2
37.2600   3
37.2800   3
37.3000   4
37.3200   6
37.3400   1
37.3600   6
37.3800   3
37.4000   1
37.4200   6
37.4400   1
37.4600   0
37.4800   4
37.5000   1
37.5200   3
37.5400   2
37.5600   2
37.5800   4
37.6000   0
37.6200   5
37.6400   2
37.6600   3
37.6800   1
37.7000   3
37.7200   1
37.7400   1
37.7600   2
37.7800   2
37.8000   2
37.8200   1
37.8400   3
37.8600   1
37.8800   2
37.9000   6
37.9200   1
37.9400   6
37.9600   3
37.9800   0
38.0000   3
38.0200   4
38.0400   1
38.0600   2
38.0800   1
38.1000   3
38.1200   3
38.1400   4
38.1600   1
38.1800   2
38.2000   1
38.2200   1
38.2400   4
38.2600   5
38.2800   4
38.3000   1
38.3200   1
38.3400   4
38.3600   1
38.3800   3
38.4000   1
38.4200   4
38.4400   3
38.4600   2
38.4800   1
38.5000   1
38.5200   3
38.5400   2
38.5600   4
38.5800   4
38.6000   0
38.6200   2
38.6400   2
38.6600   3
38.6800   2
38.7000   1
38.7200   0
38.7400   0
38.7600   3
38.7800   4
38.8000   1
38.8200   4
38.8400   4
38.8600   6
38.8800   1
38.9000   2
38.9200   2
38.9400   4
38.9600   4
38.9800   6
39.0000   3
39.0200   2
39.0400   1
39.0600   3
39.0800   1
39.1000   1
39.1200   2
39.1400   0
39.1600   5
39.1800   3
39.2000   4
39.2200   6
39.2400   3
39.2600   2
39.2800   4
39.3000   4
39.3200   0
39.3400   1
39.3600   5
39.3800   1
39.4000   3
39.4200   0
39.4400   0
39.4600   1
39.4800   3
39.5000   3
39.5200   3
39.5400   2
39.5600   0
39.5800   2
39.6000   1
39.6200   5
39.6400   6
39.6600   4
39.6800   2
39.7000   4
39.7200   1
39.7400   2
39.7600   2
39.7800   5
39.8000   3
39.8200   5
39.8400   2
39.8600   3
39.8800   2
39.9000   4
39.9200   1
39.9400   2
39.9600   2
39.9800   2
40.0000   3
40.0200   1
40.0400   3
40.0600   3
40.0800   6
40.1000   2
40.1200   1
40.1400   3
40.1600   1
40.1800   0
40.2000   2
40.2200   2
40.2400   4
40.2600   1
40.2800   3
40.3000   5
40.3200   2
40.3400   3
40.3600   7
40.3800   4
40.4000   4
40.4200   2
40.4400   0
40.4600   3
40.4800   3
40.5000   3
40.5200   4
40.5400   2
40.5600   4
40.5800   3
40.6000   2
40.6200   3
40.6400   4
40.6600   5
40.6800   3
40.7000   3
40.7200   1
40.7400   3
40.7600   1
40.7800   3
40.8000   1
40.8200   3
40.8400   8
40.8600   2
40.8800   1
40.9000   2
40.9200   5
40.9400   2
40.9600   2
40.9800   2
41.0000   2
41.0200   2
41.0400   5
41.0600   5
41.0800   6
41.1000   4
41.1200   0
41.1400   1
41.1600   4
41.1800   0
41.2000   7
41.2200   5
41.2400   4
41.2600   1
41.2800   0
41.3000   2
41.3200   5
41.3400   3
41.3600   4
41.3800   2
41.4000   4
41.4200   3
41.4400   6
41.4600   1
41.4800   4
41.5000   2
41.5200   2
41.5400   1
41.5600   2
41.5800   3
41.6000   3
41.6200   3
41.6400   3
41.6600   2
41.6800   2
41.7000   3
41.7200   4
41.7400   3
41.7600   1
41.7800   2
41.8000   0
41.8200   4
41.8400   4
41.8600   0
41.8800   3
41.9000   1
41.9200   3
41.9400   3
41.9600   3
41.9800   2
42.0000   4
42.0200   2
42.0400   4
42.0600   2
42.0800   0
42.1000   2
42.1200   9
42.1400   4
42.1600   3
42.1800   2
42.2000   3
42.2200   2
42.2400   7
42.2600   3
42.2800   4
42.3000   2
42.3200   1
42.3400   2
42.3600   2
42.3800   0
42.4000   3
42.4200   1
42.4400   3
42.4600   4
42.4800   4
42.5000   4
42.5200   2
42.5400   4
42.5600   3
42.5800   1
42.6000   0
42.6200   2
42.6400   5
42.6600   2
42.6800   3
42.7000   4
42.7200   0
42.7400   3
42.7600   4
42.7800   3
42.8000   1
42.8200   5
42.8400   2
42.8600   4
42.8800   0
42.9000   2
42.9200   5
42.9400   5
42.9600   6
42.9800   1
43.0000   1
43.0200   4
43.0400   4
43.0600   2
43.0800   7
43.1000   1
43.1200   3
43.1400   3
43.1600   6
43.1800   3
43.2000   1
43.2200   2
43.2400   2
43.2600   5
43.2800   3
43.3000   4
43.3200   3
43.3400   3
43.3600   3
43.3800   5
43.4000   2
43.4200   2
43.4400   2
43.4600   2
43.4800   3
43.5000   5
43.5200   2
43.5400   2
43.5600   0
43.5800   1
43.6000   4
43.6200   3
43.6400   3
43.6600   7
43.6800   3
43.7000   6
43.7200   1
43.7400   3
43.7600   1
43.7800   4
43.8000   1
43.8200   0
43.8400   1
43.8600   4
43.8800   2
43.9000   3
43.9200   2
43.9400   2
43.9600   1
43.9800   3
44.0000   4
44.0200   3
44.0400   1
44.0600   5
44.0800   7
44.1000   3
44.1200   1
44.1400   1
44.1600   3
44.1800   2
44.2000   2
44.2200   1
44.2400   3
44.2600   7
44.2800   3
44.3000   4
44.3200   1
44.3400   3
44.3600   6
44.3800   4
44.4000   3
44.4200   2
44.4400   3
44.4600   2
44.4800   0
44.5000   4
44.5200   2
44.5400   3
44.5600   2
44.5800   2
44.6000   2
44.6200   5
44.6400   0
44.6600   4
44.6800   7
44.7000   1
44.7200   2
44.7400   3
44.7600   2
44.7800   1
44.8000   3
44.8200   2
44.8400   1
44.8600   0
44.8800   2
44.9000   3
44.9200   5
44.9400   1
44.9600   1
44.9800   3
45.0000   1
45.0200   4
45.0400   4
45.0600   1
45.0800   0
45.1000   2
45.1200   0
45.1400   3
45.1600   0
45.1800   1
45.2000   4
45.2200   4
45.2400   3
45.2600   4
45.2800   1
45.3000   2
45.3200   4
45.3400   3
45.3600   1
45.3800   4
45.4000   2
45.4200   2
45.4400   3
45.4600   3
45.4800   2
45.5000   3
45.5200   5
45.5400   3
45.5600   2
45.5800   1
45.6000   3
45.6200   2
45.6400   2
45.6600   2
45.6800   3
45.7000   4
45.7200   3
45.7400   4
45.7600   0
45.7800   9
45.8000   6
45.8200   4
45.8400   2
45.8600   2
45.8800   1
45.9000   3
45.9200   1
45.9400   1
45.9600   4
45.9800   0
46.0000   1
46.0200   3
46.0400   2
46.0600   2
46.0800   3
46.1000   1
46.1200   1
46.1400   6
46.1600   2
46.1800   3
46.2000   7
46.2200   1
46.2400   6
46.2600   3
46.2800   2
46.3000   3
46.3200   3
46.3400   4
46.3600   1
46.3800   3
46.4000   5
46.4200   2
46.4400   2
46.4600   4
46.4800   2
46.5000   6
46.5200   3
46.5400   2
46.5600   6
46.5800   3
46.6000   3
46.6200   4
46.6400   1
46.6600   1
46.6800   4
46.7000   2
46.7200   4
46.7400   3
46.7600   3
46.7800   0
46.8000   2
46.8200   9
46.8400   4
46.8600   4
46.8800   6
46.9000   2
46.9200   2
46.9400   4
46.9600   4
46.9800   6
47.0000   6
47.0200   1
47.0400   1
47.0600   6
47.0800   3
47.1000   4
47.1200   3
47.1400   4
47.1600   2
47.1800   2
47.2000   3
47.2200   4
47.2400   2
47.2600   6
47.2800   1
47.3000   4
47.3200   3
47.3400   1
47.3600   6
47.3800   0
47.4000   2
47.4200   3
47.4400   4
47.4600   4
47.4800   0
47.5000   1
47.5200   6
47.5400   3
47.5600   3
47.5800   6
47.6000   1
47.6200   9
47.6400   3
47.6600   2
47.6800   6
47.7000   2
47.7200   2
47.7400   1
47.7600   3
47.7800   2
47.8000   6
47.8200   3
47.8400   1
47.8600   2
47.8800   4
47.9000   0
47.9200   1
47.9400   8
47.9600   3
47.9800   3
48.0000   3
48.0200   5
48.0400   3
48.0600   5
48.0800   2
48.1000   1
48.1200   0
48.1400   2
48.1600   4
48.1800   2
48.2000   2
48.2200   3
48.2400   3
48.2600   4
48.2800   2
48.3000   6
48.3200   3
48.3400   1
48.3600   5
48.3800   6
48.4000   1
48.4200   4
48.4400   2
48.4600   3
48.4800   1
48.5000   7
48.5200   4
48.5400   3
48.5600   3
48.5800   2
48.6000   3
48.6200   0
48.6400   5
48.6600   2
48.6800   2
48.7000   3
48.7200   2
48.7400   5
48.7600   4
48.7800   2
48.8000   1
48.8200   2
48.8400   2
48.8600   7
48.8800   2
48.9000   0
48.9200   1
48.9400   4
48.9600   6
48.9800   2
49.0000   2
49.0200   0
49.0400   1
49.0600   0
49.0800   4
49.1000   1
49.1200   1
49.1400   3
49.1600   2
49.1800   4
49.2000   3
49.2200   4
49.2400   2
49.2600   3
49.2800   3
49.3000   2
49.3200   4
49.3400   3
49.3600   9
49.3800   7
49.4000   3
49.4200   3
49.4400   2
49.4600   2
49.4800   3
49.5000   1
49.5200   3
49.5400   3
49.5600   1
49.5800   2
49.6000   4
49.6200   6
49.6400   4
49.6600   1
49.6800   4
49.7000   2
49.7200   6
49.7400   1
49.7600   0
49.7800   5
49.8000   4
49.8200   2
49.8400   1
49.8600   5
49.8800   4
49.9000   6
49.9200   4
49.9400   5
49.9600   4
49.9800   2
50.0000   3
50.0200   4
50.0400   5
50.0600   2
50.0800   2
50.1000   5
50.1200   5
50.1400   3
50.1600   3
50.1800   2
50.2000   2
50.2200   1
50.2400   4
50.2600   4
50.2800   4
50.3000   5
50.3200   1
50.3400   0
50.3600   7
50.3800   4
50.4000   5
50.4200   2
50.4400   3
50.4600   4
50.4800   1
50.5000   2
50.5200   4
50.5400   2
50.5600   1
50.5800   4
50.6000   4
50.6200   4
50.6400   3
50.6600   2
50.6800   3
50.7000   4
50.7200   2
50.7400   2
50.7600   0
50.7800   3
50.8000   5
50.8200   3
50.8400   2
50.8600   7
50.8800   2
50.9000   1
50.9200   3
50.9400   3
50.9600   6
50.9800   1
51.0000   4
51.0200   2
51.0400   3
51.0600   3
51.0800   4
51.1000   3
51.1200   2
51.1400   6
51.1600   4
51.1800   5
51.2000   3
51.2200   4
51.2400   3
51.2600   2
51.2800   2
51.3000   5
51.3200   1
51.3400   1
51.3600   3
51.3800   1
51.4000   4
51.4200   3
51.4400   1
51.4600   4
51.4800   1
51.5000   5
51.5200   2
51.5400   1
51.5600   1
51.5800   3
51.6000   4
51.6200   3
51.6400   2
51.6600   1
51.6800   3
51.7000   1
51.7200   0
51.7400   6
51.7600   2
51.7800   2
51.8000   1
51.8200   3
51.8400   2
51.8600   4
51.8800   3
51.9000   2
51.9200   2
51.9400   3
51.9600   2
51.9800   2
52.0000   2
52.0200   4
52.0400   3
52.0600   1
52.0800   1
52.1000   2
52.1200   1
52.1400   2
52.1600   3
52.1800   3
52.2000   3
52.2200   4
52.2400   2
52.2600   4
52.2800   3
52.3000   3
52.3200   4
52.3400   3
52.3600   5
52.3800   2
52.4000   2
52.4200   1
52.4400   5
52.4600   4
52.4800   3
52.5000   2
52.5200   2
52.5400   1
52.5600   2
52.5800   3
52.6000   4
52.6200   2
52.6400   5
52.6600   2
52.6800   1
52.7000   3
52.7200   3
52.7400   2
52.7600   1
52.7800   5
52.8000   4
52.8200   4
52.8400   4
52.8600   3
52.8800   1
52.9000   1
52.9200   2
52.9400   4
52.9600   2
52.9800   3
53.0000   0
53.0200   8
53.0400   5
53.0600   1
53.0800   2
53.1000   6
53.1200   2
53.1400   2
53.1600   4
53.1800   1
53.2000   1
53.2200   4
53.2400   2
53.2600   2
53.2800   1
53.3000   5
53.3200   1
53.3400   6
53.3600   4
53.3800   2
53.4000   1
53.4200   4
53.4400   3
53.4600   2
53.4800   3
53.5000   0
53.5200   4
53.5400   1
53.5600   3
53.5800   4
53.6000   2
53.6200   4
53.6400   3
53.6600   5
53.6800   3
53.7000   3
53.7200   4
53.7400   3
53.7600   1
53.7800   5
53.8000   3
53.8200   1
53.8400   3
53.8600   3
53.8800   5
53.9000   2
53.9200   4
53.9400   3
53.9600   6
53.9800   4
54.0000   0
54.0200   4
54.0400   2
54.0600   3
54.0800   4
54.1000   4
54.1200   6
54.1400   0
54.1600   3
54.1800   2
54.2000   0
54.2200   2
54.2400   3
54.2600   4
54.2800   4
54.3000   3
54.3200   3
54.3400   2
54.3600   2
54.3800   1
54.4000   5
54.4200   6
54.4400   3
54.4600   4
54.4800   2
54.5000   1
54.5200   4
54.5400   5
54.5600   2
54.5800   5
54.6000   5
54.6200   4
54.6400   5
54.6600   3
54.6800   2
54.7000   1
54.7200   6
54.7400   4
54.7600   5
54.7800   2
54.8000   7
54.8200   4
54.8400   5
54.8600   6
54.8800   2
54.9000   2
54.9200   2
54.9400   4
54.9600   5
54.9800   2
55.0000   4
55.0200   5
55.0400   6
55.0600   4
55.0800   3
55.1000   2
55.1200   2
55.1400   4
55.1600   6
55.1800   4
55.2000   2
55.2200   9
55.2400   0
55.2600   2
55.2800   3
55.3000   6
55.3200   2
55.3400   2
55.3600   5
55.3800   3
55.4000   0
55.4200   2
55.4400   0
55.4600   6
55.4800   1
55.5000   3
55.5200   2
55.5400   2
55.5600   2
55.5800   3
55.6000   4
55.6200   1
55.6400   3
55.6600   6
55.6800   1
55.7000   2
55.7200   3
55.7400   7
55.7600   5
55.7800   2
55.8000   4
55.8200   3
55.8400   2
55.8600   3
55.8800   0
55.9000   4
55.9200   2
55.9400   2
55.9600   2
55.9800   1
56.0000   3
56.0200   2
56.0400   2
56.0600   0
56.0800   3
56.1000   4
56.1200   2
56.1400   0
56.1600   2
56.1800   3
56.2000   3
56.2200   6
56.2400   2
56.2600   3
56.2800   1
56.3000   4
56.3200   2
56.3400   3
56.3600   3
56.3800   2
56.4000   2
56.4200   3
56.4400   3
56.4600   4
56.4800   5
56.5000   1
56.5200   4
56.5400   7
56.5600   3
56.5800   2
56.6000   0
56.6200   5
56.6400   3
56.6600   2
56.6800   4
56.7000   3
56.7200   3
56.7400   3
56.7600   2
56.7800   3
56.8000   5
56.8200   1
56.8400   5
56.8600   3
56.8800   0
56.9000   2
56.9200   3
56.9400   2
56.9600   4
56.9800   2
57.0000   4
57.0200   1
57.0400   2
57.0600   8
57.0800   3
57.1000   1
57.1200   1
57.1400   3
57.1600   4
57.1800   3
57.2000   1
57.2200   2
57.2400   1
57.2600   1
57.2800   5
57.3000   6
57.3200   1
57.3400   2
57.3600   4
57.3800   2
57.4000   4
57.4200   3
57.4400   5
57.4600   6
57.4800   3
57.5000   4
57.5200   2
57.5400   6
57.5600   2
57.5800   1
57.6000   4
57.6200   2
57.6400   5
57.6600   2
57.6800   5
57.7000   5
57.7200   2
57.7400   2
57.7600   2
57.7800   1
57.8000   7
57.8200   2
57.8400   5
57.8600   3
57.8800   3
57.9000   2
57.9200   4
57.9400   2
57.9600   3
57.9800   3
58.0000   4
58.0200   0
58.0400   5
58.0600   7
58.0800   2
58.1000   1
58.1200   4
58.1400   2
58.1600   4
58.1800   2
58.2000   2
58.2200   5
58.2400   2
58.2600   5
58.2800   3
58.3000   3
58.3200   1
58.3400   2
58.3600   3
58.3800   3
58.4000   7
58.4200   4
58.4400   3
58.4600   1
58.4800   1
58.5000   0
58.5200   2
58.5400   6
58.5600   1
58.5800   4
58.6000   3
58.6200   6
58.6400   0
58.6600   4
58.6800   1
58.7000   4
58.7200   4
58.7400   8
58.7600   3
58.7800   4
58.8000   2
58.8200   5
58.8400   0
58.8600   3
58.8800   5
58.9000   1
58.9200   4
58.9400   2
58.9600   1
58.9800   3
59.0000   5
59.0200   4
59.0400   1
59.0600   4
59.0800   2
59.1000   2
59.1200   1
59.1400   3
59.1600   7
59.1800   2
59.2000   2
59.2200   3
59.2400   1
59.2600   2
59.2800   3
59.3000   4
59.3200   2
59.3400   1
59.3600   2
59.3800   2
59.4000   1
59.4200   2
59.4400   7
59.4600   3
59.4800   5
59.5000   4
59.5200   5
59.5400   5
59.5600   1
59.5800   3
59.6000   2
59.6200   2
59.6400   2
59.6600   3
59.6800   5
59.7000   1
59.7200   3
59.7400   5
59.7600   2
59.7800   2
59.8000   2
59.8200   2
59.8400   3
59.8600   2
59.8800   4
59.9000   1
59.9200   1
59.9400   2
59.9600   2
59.9800   3
60.0000   3
60.0200   4
60.0400   7
60.0600   0
60.0800   1
60.1000   3
60.1200   3
60.1400   0
60.1600   1
60.1800   6
60.2000   4
60.2200   2
60.2400   5
60.2600   3
60.2800   4
60.3000   3
60.3200   6
60.3400   5
60.3600   3
60.3800   2
60.4000   3
60.4200   5
60.4400   3
60.4600   6
60.4800   1
60.5000   3
60.5200   4
60.5400   3
60.5600   5
60.5800   5
60.6000   5
60.6200   3
60.6400   2
60.6600   3
60.6800   6
60.7000   3
60.7200   2
60.7400   3
60.7600   4
60.7800   7
60.8000   2
60.8200   5
60.8400   3
60.8600   2
60.8800   3
60.9000   2
60.9200   5
60.9400   5
60.9600   4
60.9800   1
61.0000   4
61.0200   4
61.0400   6
61.0600   3
61.0800   5
61.1000   6
61.1200   2
61.1400   5
61.1600   6
61.1800   3
61.2000   3
61.2200   8
61.2400   2
61.2600   2
61.2800   4
61.3000   4
61.3200   1
61.3400   1
61.3600   6
61.3800   3
61.4000   3
61.4200   2
61.4400   1
61.4600   3
61.4800   2
61.5000   5
61.5200   3
61.5400   6
61.5600   2
61.5800   1
61.6000   7
61.6200   1
61.6400   3
61.6600   6
61.6800   0
61.7000   3
61.7200   3
61.7400   4
61.7600   6
61.7800   3
61.8000   5
61.8200   2
61.8400   2
61.8600   4
61.8800   1
61.9000   7
61.9200   7
61.9400   1
61.9600   1
61.9800   4
62.0000   4
62.0200   2
62.0400   6
62.0600   3
62.0800   0
62.1000   4
62.1200   3
62.1400   7
62.1600   0
62.1800   2
62.2000   5
62.2200   4
62.2400   3
62.2600   5
62.2800   1
62.3000   4
62.3200   6
62.3400   5
62.3600   3
62.3800   3
62.4000   6
62.4200   3
62.4400   4
62.4600   3
62.4800   4
62.5000   4
62.5200   1
62.5400   0
62.5600   3
62.5800   2
62.6000   4
62.6200   8
62.6400   2
62.6600   6
62.6800   2
62.7000   3
62.7200   4
62.7400   4
62.7600   3
62.7800   4
62.8000   4
62.8200   7
62.8400   6
62.8600   6
62.8800   6
62.9000   3
62.9200   2
62.9400   4
62.9600   5
62.9800   2
63.0000   2
63.0200   3
63.0400   6
63.0600   2
63.0800   3
63.1000   2
63.1200   3
63.1400   4
63.1600   3
63.1800   1
63.2000   2
63.2200   1
63.2400   0
63.2600   3
63.2800   3
63.3000   0
63.3200   5
63.3400   4
63.3600   3
63.3800   3
63.4000   5
63.4200   3
63.4400   3
63.4600   4
63.4800   4
63.5000   1
63.5200   1
63.5400   0
63.5600   3
63.5800   2
63.6000   1
63.6200   6
63.6400   7
63.6600   2
63.6800   3
63.7000   0
63.7200   2
63.7400   3
63.7600   6
63.7800   1
63.8000   4
63.8200   4
63.8400   3
63.8600   6
63.8800   2
63.9000   2
63.9200   4
63.9400   7
63.9600   2
63.9800   0
64.0000   7
64.0200   1
64.0400   4
64.0600   3
64.0800   3
64.1000   2
64.1200   5
64.1400   4
64.1600   4
64.1800   6
64.2000   3
64.2200   5
64.2400   1
64.2600   2
64.2800   2
64.3000   6
64.3200   3
64.3400   6
64.3600   5
64.3800   4
64.4000   1
64.4200   6
64.4400   4
64.4600   4
64.4800   6
64.5000   8
64.5200   2
64.5400   3
64.5600   4
64.5800   2
64.6000   2
64.6200   3
64.6400   4
64.6600   1
64.6800   2
64.7000   2
64.7200   5
64.7400   6
64.7600   5
64.7800   1
64.8000   2
64.8200   2
64.8400   3
64.8600   1
64.8800   6
64.9000   2
64.9200   5
64.9400   3
64.9600   4
64.9800   1
65.0000   2
65.0200   5
65.0400   6
65.0600   2
65.0800   2
65.1000   1
65.1200   2
65.1400   7
65.1600   2
65.1800   0
65.2000   2
65.2200   7
65.2400   2
65.2600   5
65.2800   6
65.3000   3
65.3200   4
65.3400   3
65.3600   3
65.3800   3
65.4000   3
65.4200   3
65.4400   3
65.4600   2
65.4800   2
65.5000   1
65.5200   0
65.5400   3
65.5600   4
65.5800   7
65.6000   5
65.6200   5
65.6400   4
65.6600   4
65.6800   5
65.7000   0
65.7200   2
65.7400   3
65.7600   0
65.7800   3
65.8000   1
65.8200   2
65.8400   2
65.8600   6
65.8800   2
65.9000   2
65.9200   2
65.9400   4
65.9600   5
65.9800   4
66.0000   3
66.0200   3
66.0400   1
66.0600   3
66.0800   1
66.1000   3
66.1200   4
66.1400   4
66.1600   6
66.1800   4
66.2000   1
66.2200   2
66.2400   7
66.2600   2
66.2800   5
66.3000   6
66.3200   4
66.3400   5
66.3600   3
66.3800   3
66.4000   2
66.4200   3
66.4400   3
66.4600   3
66.4800   1
66.5000   0
66.5200   7
66.5400   3
66.5600   2
66.5800   4
66.6000   0
66.6200   6
66.6400   1
66.6600   2
66.6800   1
66.7000   2
66.7200   3
66.7400   1
66.7600   0
66.7800   4
66.8000   1
66.8200   4
66.8400   1
66.8600   3
66.8800   0
66.9000   1
66.9200   4
66.9400   4
66.9600   4
66.9800   3
67.0000   4
67.0200   2
67.0400   7
67.0600   1
67.0800   5
67.1000   3
67.1200   5
67.1400   4
67.1600   2
67.1800   1
67.2000   3
67.2200   4
67.2400   2
67.2600   2
67.2800   1
67.3000   2
67.3200   3
67.3400   2
67.3600   4
67.3800   3
67.4000   3
67.4200   2
67.4400   2
67.4600   4
67.4800   2
67.5000   4
67.5200   3
67.5400   1
67.5600   3
67.5800   5
67.6000   2
67.6200   3
67.6400   3
67.6600   2
67.6800   0
67.7000   2
67.7200   5
67.7400   4
67.7600   1
67.7800   4
67.8000   6
67.8200   3
67.8400   2
67.8600   10
67.8800   1
67.9000   5
67.9200   2
67.9400   3
67.9600   2
67.9800   2
68.0000   2
68.0200   0
68.0400   5
68.0600   8
68.0800   0
68.1000   3
68.1200   3
68.1400   6
68.1600   1
68.1800   4
68.2000   4
68.2200   5
68.2400   4
68.2600   2
68.2800   1
68.3000   5
68.3200   7
68.3400   3
68.3600   1
68.3800   5
68.4000   0
68.4200   5
68.4400   5
68.4600   2
68.4800   2
68.5000   4
68.5200   2
68.5400   1
68.5600   3
68.5800   8
68.6000   5
68.6200   5
68.6400   6
68.6600   6
68.6800   2
68.7000   3
68.7200   3
68.7400   2
68.7600   7
68.7800   4
68.8000   3
68.8200   3
68.8400   2
68.8600   4
68.8800   2
68.9000   0
68.9200   0
68.9400   1
68.9600   2
68.9800   5
69.0000   3
69.0200   1
69.0400   5
69.0600   4
69.0800   6
69.1000   4
69.1200   4
69.1400   3
69.1600   2
69.1800   6
69.2000   2
69.2200   2
69.2400   2
69.2600   4
69.2800   3
69.3000   3
69.3200   3
69.3400   2
69.3600   1
69.3800   5
69.4000   2
69.4200   4
69.4400   6
69.4600   2
69.4800   2
69.5000   2
69.5200   3
69.5400   4
69.5600   2
69.5800   2
69.6000   1
69.6200   3
69.6400   2
69.6600   3
69.6800   2
69.7000   2
69.7200   8
69.7400   6
69.7600   4
69.7800   0
69.8000   4
69.8200   4
69.8400   3
69.8600   4
69.8800   2
69.9000   2
69.9200   4
69.9400   4
69.9600   1
69.9800   2
70.0000   4
70.0200   2
70.0400   4
70.0600   1
70.0800   3
70.1000   2
70.1200   4
70.1400   5
70.1600   3
70.1800   6
70.2000   2
70.2200   1
70.2400   3
70.2600   3
70.2800   3
70.3000   1
70.3200   5
70.3400   4
70.3600   3
70.3800   3
70.4000   3
70.4200   4
70.4400   3
70.4600   2
70.4800   3
70.5000   2
70.5200   1
70.5400   3
70.5600   3
70.5800   4
70.6000   5
70.6200   7
70.6400   2
70.6600   5
70.6800   4
70.7000   3
70.7200   3
70.7400   1
70.7600   3
70.7800   6
70.8000   3
70.8200   2
70.8400   2
70.8600   6
70.8800   3
70.9000   2
70.9200   4
70.9400   2
70.9600   5
70.9800   1
71.0000   3
71.0200   3
71.0400   3
71.0600   2
71.0800   4
71.1000   6
71.1200   2
71.1400   4
71.1600   1
71.1800   2
71.2000   3
71.2200   1
71.2400   5
71.2600   0
71.2800   6
71.3000   0
71.3200   5
71.3400   3
71.3600   3
71.3800   6
71.4000   2
71.4200   6
71.4400   2
71.4600   4
71.4800   4
71.5000   5
71.5200   5
71.5400   1
71.5600   4
71.5800   2
71.6000   4
71.6200   1
71.6400   6
71.6600   7
71.6800   4
71.7000   4
71.7200   3
71.7400   2
71.7600   1
71.7800   3
71.8000   7
71.8200   3
71.8400   2
71.8600   1
71.8800   4
71.9000   6
71.9200   3
71.9400   4
71.9600   8
71.9800   4
72.0000   2
72.0200   3
72.0400   2
72.0600   1
72.0800   2
72.1000   3
72.1200   3
72.1400   3
72.1600   2
72.1800   6
72.2000   5
72.2200   5
72.2400   5
72.2600   4
72.2800   0
72.3000   2
72.3200   6
72.3400   9
72.3600   3
72.3800   3
72.4000   2
72.4200   6
72.4400   6
72.4600   6
72.4800   5
72.5000   6
72.5200   8
72.5400   2
72.5600   3
72.5800   6
72.6000   2
72.6200   5
72.6400   6
72.6600   2
72.6800   6
72.7000   3
72.7200   3
72.7400   4
72.7600   3
72.7800   4
72.8000   4
72.8200   4
72.8400   4
72.8600   3
72.8800   1
72.9000   3
72.9200   3
72.9400   4
72.9600   5
72.9800   2
73.0000   3
73.0200   5
73.0400   5
73.0600   2
73.0800   3
73.1000   4
73.1200   0
73.1400   3
73.1600   5
73.1800   2
73.2000   2
73.2200   1
73.2400   3
73.2600   2
73.2800   3
73.3000   4
73.3200   5
73.3400   1
73.3600   3
73.3800   3
73.4000   1
73.4200   2
73.4400   4
73.4600   4
73.4800   8
73.5000   1
73.5200   0
73.5400   4
73.5600   4
73.5800   4
73.6000   2
73.6200   2
73.6400   6
73.6600   1
73.6800   1
73.7000   1
73.7200   2
73.7400   4
73.7600   2
73.7800   4
73.8000   7
73.8200   7
73.8400   4
73.8600   5
73.8800   0
73.9000   0
73.9200   1
73.9400   3
73.9600   4
73.9800   4
74.0000   9
74.0200   6
74.0400   2
74.0600   2
74.0800   2
74.1000   2
74.1200   3
74.1400   2
74.1600   2
74.1800   3
74.2000   3
74.2200   2
74.2400   5
74.2600   3
74.2800   5
74.3000   3
74.3200   3
74.3400   3
74.3600   1
74.3800   5
74.4000   1
74.4200   4
74.4400   7
74.4600   2
74.4800   3
74.5000   4
74.5200   2
74.5400   7
74.5600   5
74.5800   3
74.6000   4
74.6200   3
74.6400   5
74.6600   2
74.6800   6
74.7000   3
74.7200   2
74.7400   5
74.7600   3
74.7800   5
74.8000   1
74.8200   1
74.8400   7
74.8600   4
74.8800   1
74.9000   3
74.9200   3
74.9400   4
74.9600   2
74.9800   6
75.0000   4
75.0200   5
75.0400   5
75.0600   3
75.0800   0
75.1000   4
75.1200   3
75.1400   0
75.1600   6
75.1800   3
75.2000   4
75.2200   3
75.2400   5
75.2600   1
75.2800   5
75.3000   2
75.3200   5
75.3400   5
75.3600   3
75.3800   5
75.4000   3
75.4200   6
75.4400   4
75.4600   7
75.4800   4
75.5000   3
75.5200   3
75.5400   1
75.5600   2
75.5800   5
75.6000   4
75.6200   6
75.6400   4
75.6600   5
75.6800   3
75.7000   2
75.7200   4
75.7400   3
75.7600   1
75.7800   1
75.8000   2
75.8200   2
75.8400   1
75.8600   5
75.8800   3
75.9000   3
75.9200   3
75.9400   2
75.9600   1
75.9800   2
76.0000   2
76.0200   3
76.0400   5
76.0600   5
76.0800   5
76.1000   2
76.1200   4
76.1400   5
76.1600   4
76.1800   5
76.2000   5
76.2200   4
76.2400   5
76.2600   6
76.2800   4
76.3000   6
76.3200   3
76.3400   4
76.3600   3
76.3800   3
76.4000   6
76.4200   3
76.4400   2
76.4600   4
76.4800   3
76.5000   2
76.5200   7
76.5400   5
76.5600   3
76.5800   2
76.6000   1
76.6200   6
76.6400   4
76.6600   3
76.6800   5
76.7000   1
76.7200   3
76.7400   3
76.7600   4
76.7800   3
76.8000   5
76.8200   5
76.8400   2
76.8600   1
76.8800   4
76.9000   3
76.9200   1
76.9400   2
76.9600   2
76.9800   3
77.0000   4
77.0200   3
77.0400   4
77.0600   1
77.0800   7
77.1000   3
77.1200   1
77.1400   5
77.1600   4
77.1800   3
77.2000   2
77.2200   2
77.2400   5
77.2600   6
77.2800   3
77.3000   5
77.3200   5
77.3400   2
77.3600   1
77.3800   3
77.4000   2
77.4200   4
77.4400   6
77.4600   1
77.4800   1
77.5000   2
77.5200   2
77.5400   2
77.5600   1
77.5800   2
77.6000   4
77.6200   8
77.6400   4
77.6600   2
77.6800   1
77.7000   9
77.7200   5
77.7400   4
77.7600   3
77.7800   2
77.8000   2
77.8200   2
77.8400   1
77.8600   4
77.8800   3
77.9000   2
77.9200   2
77.9400   3
77.9600   2
77.9800   1
78.0000   2
78.0200   0
78.0400   5
78.0600   3
78.0800   5
78.1000   4
78.1200   2
78.1400   0
78.1600   3
78.1800   6
78.2000   5
78.2200   2
78.2400   8
78.2600   3
78.2800   0
78.3000   3
78.3200   3
78.3400   2
78.3600   2
78.3800   4
78.4000   0
78.4200   3
78.4400   2
78.4600   1
78.4800   4
78.5000   2
78.5200   4
78.5400   4
78.5600   3
78.5800   5
78.6000   2
78.6200   6
78.6400   3
78.6600   2
78.6800   6
78.7000   2
78.7200   2
78.7400   6
78.7600   3
78.7800   3
78.8000   5
78.8200   4
78.8400   9
78.8600   3
78.8800   4
78.9000   2
78.9200   7
78.9400   4
78.9600   3
78.9800   6
79.0000   3
79.0200   5
79.0400   4
79.0600   2
79.0800   5
79.1000   6
79.1200   3
79.1400   6
79.1600   6
79.1800   6
79.2000   3
79.2200   5
79.2400   5
79.2600   3
79.2800   4
79.3000   3
79.3200   4
79.3400   1
79.3600   4
79.3800   3
79.4000   1
79.4200   1
79.4400   1
79.4600   3
79.4800   4
79.5000   3
79.5200   1
79.5400   2
79.5600   3
79.5800   4
79.6000   7
79.6200   5
79.6400   3
79.6600   0
79.6800   2
79.7000   3
79.7200   1
79.7400   5
79.7600   3
79.7800   4
79.8000   3
79.8200   3
79.8400   4
79.8600   3
79.8800   4
79.9000   5
79.9200   8
79.9400   3
79.9600   2
79.9800   4
80.0000   3
